266 273 0 0 0
266 273 0 0 0
266 273 0 0 0
266 273 0 0 0
266 273 0 0 0
266 273 0 0 0
266 273 0 0 0
266 273 0 0 0
266 273 0 0 0
266 273 0 0 0
267 272 0 0 0
267 272 0 0 0
267 272 0 0 0
267 272 0 0 0
267 272 0 0 0
267 272 0 0 0
267 272 0 0 0
267 272 0 0 0
267 272 0 0 0
268 272 0 0 0
268 271 0 0 0
268 271 0 0 0
268 271 0 0 0
268 271 0 0 0
268 271 0 0 0
268 271 0 0 0
268 271 0 0 0
268 271 0 0 0
269 271 0 0 0
269 271 0 0 0
269 270 0 0 0
269 270 0 0 0
269 270 0 0 0
269 270 0 0 0
269 270 0 0 0
269 270 0 0 0
269 270 0 0 0
270 270 0 0 0
270 270 0 0 0
270 270 0 0 0
270 269 0 0 0
270 269 0 0 0
270 269 0 0 0
270 269 0 0 0
270 269 0 0 0
270 269 0 0 0
271 269 0 0 0
271 269 0 0 0
271 269 0 0 0
271 269 0 0 0
271 268 0 0 0
271 268 0 0 0
271 268 0 0 0
271 268 0 0 0
271 268 0 0 0
272 268 0 0 0
272 268 0 0 0
272 268 0 0 0
272 268 0 0 0
272 268 0 0 0
272 267 0 0 0
272 267 0 0 0
272 267 0 0 0
272 267 0 0 0
273 267 0 0 0
273 267 0 0 0
273 267 0 0 0
273 267 0 0 0
273 267 0 0 0
273 267 0 0 0
273 266 0 0 0
273 266 0 0 0
273 266 0 0 0
274 266 0 0 0
274 266 0 0 0
274 266 0 0 0
274 266 0 0 0
274 266 0 0 0
274 266 0 0 0
274 266 0 0 0
274 265 0 0 0
274 265 0 0 0
275 265 0 0 0
275 265 0 0 0
275 265 0 0 0
275 265 0 0 0
275 265 0 0 0
275 265 0 0 0
275 265 0 0 0
275 265 0 0 0
275 264 0 0 0
276 264 0 0 0
276 264 0 0 0
276 264 0 0 0
276 264 0 0 0
276 264 0 0 0
276 264 0 0 0
276 264 0 0 0
276 264 0 0 0
276 264 0 0 0
277 263 0 0 0
277 263 0 0 0
277 263 0 0 0
277 263 0 0 0
277 263 0 0 0
277 263 0 0 0
277 263 0 0 0
277 263 0 0 0
277 263 0 0 0
277 263 0 0 0
278 262 0 0 0
278 262 0 0 0
278 262 0 0 0
278 262 0 0 0
278 262 0 0 0
278 262 0 0 0
278 262 0 0 0
278 262 0 0 0
278 262 0 0 0
279 262 0 0 0
279 261 0 0 0
279 261 0 0 0
279 261 0 0 0
279 261 0 0 0
279 261 0 0 0
279 261 0 0 0
279 261 0 0 0
279 261 0 0 0
280 261 0 0 0
280 261 0 0 0
280 260 0 0 0
280 260 0 0 0
280 260 0 0 0
280 260 0 0 0
280 260 0 0 0
280 260 0 0 0
280 260 0 0 0
281 260 0 0 0
281 260 0 0 0
281 260 0 0 0
281 259 0 0 0
281 259 0 0 0
281 259 0 0 0
281 259 0 0 0
281 259 0 0 0
281 259 0 0 0
282 259 0 0 0
282 259 0 0 0
282 259 0 0 0
282 259 0 0 0
282 258 0 0 0
282 258 0 0 0
282 258 0 0 0
282 258 0 0 0
282 258 0 0 0
283 258 0 0 0
283 258 0 0 0
283 258 0 0 0
283 258 0 0 0
283 258 0 0 0
283 257 0 0 0
283 257 0 0 0
283 257 0 0 0
283 257 0 0 0
284 257 0 0 0
284 257 0 0 0
284 257 0 0 0
284 257 0 0 0
284 257 0 0 0
284 257 0 0 0
284 256 0 0 0
284 256 0 0 0
284 256 0 0 0
285 256 0 0 0
285 256 0 0 0
285 256 0 0 0
285 256 0 0 0
285 256 0 0 0
285 256 0 0 0
285 256 0 0 0
285 255 0 0 0
285 255 0 0 0
286 255 0 0 0
286 255 0 0 0
286 255 0 0 0
286 255 0 0 0
286 255 0 0 0
286 255 0 0 0
286 255 0 0 0
286 255 0 0 0
286 254 0 0 0
287 254 0 0 0
287 254 0 0 0
287 254 0 0 0
287 254 0 0 0
287 254 0 0 0
287 254 0 0 0
287 254 0 0 0
287 254 0 0 0
287 254 0 0 0
288 253 0 0 0
288 253 0 0 0
288 253 0 0 0
288 253 0 0 0
288 253 0 0 0
288 253 0 0 0
288 253 0 0 0
288 253 0 0 0
288 253 0 0 0
288 253 0 0 0
289 252 0 0 0
289 252 0 0 0
289 252 0 0 0
289 252 0 0 0
289 252 0 0 0
289 252 0 0 0
289 252 0 0 0
289 252 0 0 0
289 252 0 0 0
290 252 0 0 0
290 251 0 0 0
290 251 0 0 0
290 251 0 0 0
290 251 0 0 0
290 251 0 0 0
290 251 0 0 0
290 251 0 0 0
290 251 0 0 0
291 251 0 0 0
291 251 0 0 0
291 250 0 0 0
291 250 0 0 0
291 250 0 0 0
291 250 0 0 0
291 250 0 0 0
291 250 0 0 0
291 250 0 0 0
292 250 0 0 0
292 250 0 0 0
292 250 0 0 0
292 249 0 0 0
292 249 0 0 0
292 249 0 0 0
292 249 0 0 0
292 249 0 0 0
292 249 0 0 0
293 249 0 0 0
293 249 0 0 0
293 249 0 0 0
293 249 0 0 0
293 248 0 0 0
293 248 0 0 0
293 248 0 0 0
293 248 0 0 0
293 248 0 0 0
294 248 0 0 0
294 248 0 0 0
294 248 0 0 0
294 248 0 0 0
294 248 0 0 0
294 247 0 0 0
294 247 0 0 0
294 247 0 0 0
294 247 0 0 0
295 247 0 0 0
295 247 0 0 0
295 247 0 0 0
295 247 0 0 0
295 247 0 0 0
295 247 0 0 0
295 246 0 0 0
295 246 0 0 0
295 246 0 0 0
296 246 0 0 0
296 246 0 0 0
296 246 0 0 0
296 246 0 0 0
296 246 0 0 0
296 246 0 0 0
296 246 0 0 0
296 245 0 0 0
296 245 0 0 0
297 245 0 0 0
297 245 0 0 0
297 245 0 0 0
297 245 0 0 0
297 245 0 0 0
297 245 0 0 0
297 245 0 0 0
297 245 0 0 0
297 244 0 0 0
298 244 0 0 0
298 244 0 0 0
298 244 0 0 0
298 244 0 0 0
298 244 0 0 0
298 244 0 0 0
298 244 0 0 0
298 244 0 0 0
298 244 0 0 0
299 243 0 0 0
299 243 0 0 0
299 243 0 0 0
299 243 0 0 0
299 243 0 0 0
299 243 0 0 0
299 243 0 0 0
299 243 0 0 0
299 243 0 0 0
299 243 0 0 0
300 242 0 0 0
300 242 0 0 0
300 242 0 0 0
300 242 0 0 0
300 242 0 0 0
300 242 0 0 0
300 242 0 0 0
300 242 0 0 0
300 242 0 0 0
301 242 0 0 0
301 241 0 0 0
301 241 0 0 0
301 241 0 0 0
301 241 0 0 0
301 241 0 0 0
301 241 0 0 0
301 241 0 0 0
301 241 0 0 0
302 241 0 0 0
302 241 0 0 0
302 240 0 0 0
302 240 0 0 0
302 240 0 0 0
302 240 0 0 0
302 240 0 0 0
302 240 0 0 0
302 240 0 0 0
303 240 0 0 0
303 240 0 0 0
303 240 0 0 0
303 239 0 0 0
303 239 0 0 0
303 239 0 0 0
303 239 0 0 0
303 239 0 0 0
303 239 0 0 0
304 239 0 0 0
304 239 0 0 0
304 239 0 0 0
304 239 0 0 0
304 238 0 0 0
304 238 0 0 0
304 238 0 0 0
304 238 0 0 0
304 238 0 0 0
305 238 0 0 0
305 238 0 0 0
305 238 0 0 0
305 238 0 0 0
305 238 0 0 0
305 237 0 0 0
305 237 0 0 0
305 237 0 0 0
305 237 0 0 0
306 237 0 0 0
306 237 0 0 0
306 237 0 0 0
306 237 0 0 0
306 237 0 0 0
306 237 0 0 0
306 236 0 0 0
306 236 0 0 0
306 236 0 0 0
307 236 0 0 0
307 236 0 0 0
307 236 0 0 0
307 236 0 0 0
307 236 0 0 0
307 236 0 0 0
307 236 0 0 0
307 235 0 0 0
307 235 0 0 0
308 235 0 0 0
308 235 0 0 0
308 235 0 0 0
308 235 0 0 0
308 235 0 0 0
308 235 0 0 0
308 235 0 0 0
308 235 0 0 0
308 234 0 0 0
309 234 0 0 0
309 234 0 0 0
309 234 0 0 0
309 234 0 0 0
309 234 0 0 0
309 234 0 0 0
309 234 0 0 0
309 234 0 0 0
309 234 0 0 0
310 233 0 0 0
310 233 0 0 0
310 233 0 0 0
310 233 0 0 0
310 233 0 0 0
310 233 0 0 0
310 233 0 0 0
310 233 0 0 0
310 233 0 0 0
310 233 0 0 0
311 232 0 0 0
311 232 0 0 0
311 232 0 0 0
311 232 0 0 0
311 232 0 0 0
311 232 0 0 0
311 232 0 0 0
311 232 0 0 0
311 232 0 0 0
312 232 0 0 0
312 231 0 0 0
312 231 0 0 0
312 231 0 0 0
312 231 0 0 0
312 231 0 0 0
312 231 0 0 0
312 231 0 0 0
312 231 0 0 0
313 231 0 0 0
313 231 0 0 0
313 230 0 0 0
313 230 0 0 0
313 230 0 0 0
313 230 0 0 0
313 230 0 0 0
313 230 0 0 0
313 230 0 0 0
314 230 0 0 0
314 230 0 0 0
314 230 0 0 0
314 229 0 0 0
314 229 0 0 0
314 229 0 0 0
314 229 0 0 0
314 229 0 0 0
314 229 0 0 0
315 229 0 0 0
315 229 0 0 0
315 229 0 0 0
315 229 0 0 0
315 228 0 0 0
315 228 0 0 0
315 228 0 0 0
315 228 0 0 0
315 228 0 0 0
316 228 0 0 0
316 228 0 0 0
316 228 0 0 0
316 228 0 0 0
316 228 0 0 0
316 227 0 0 0
316 227 0 0 0
316 227 0 0 0
316 227 0 0 0
317 227 0 0 0
317 227 0 0 0
317 227 0 0 0
317 227 0 0 0
317 227 0 0 0
317 227 0 0 0
317 226 0 0 0
317 226 0 0 0
317 226 0 0 0
318 226 0 0 0
318 226 0 0 0
318 226 0 0 0
318 226 0 0 0
318 226 0 0 0
318 226 0 0 0
318 226 0 0 0
318 225 0 0 0
318 225 0 0 0
319 225 0 0 0
319 225 0 0 0
319 225 0 0 0
319 225 0 0 0
319 225 0 0 0
319 225 0 0 0
319 225 0 0 0
319 225 0 0 0
319 224 0 0 0
320 224 0 0 0
320 224 0 0 0
320 224 0 0 0
320 224 0 0 0
320 224 0 0 0
320 224 0 0 0
320 224 0 0 0
320 224 0 0 0
320 224 0 0 0
321 223 0 0 0
321 223 0 0 0
321 223 0 0 0
321 223 0 0 0
321 223 0 0 0
321 223 0 0 0
321 223 0 0 0
321 223 0 0 0
321 223 0 0 0
321 223 0 0 0
322 222 0 0 0
322 222 0 0 0
322 222 0 0 0
322 222 0 0 0
322 222 0 0 0
322 222 0 0 0
322 222 0 0 0
322 222 0 0 0
322 222 0 0 0
323 222 0 0 0
323 221 0 0 0
323 221 0 0 0
323 221 0 0 0
323 221 0 0 0
323 221 0 0 0
323 221 0 0 0
323 221 0 0 0
323 221 0 0 0
324 221 0 0 0
324 221 0 0 0
324 220 0 0 0
324 220 0 0 0
324 220 0 0 0
324 220 0 0 0
324 220 0 0 0
324 220 0 0 0
324 220 0 0 0
325 220 0 0 0
325 220 0 0 0
325 220 0 0 0
325 219 0 0 0
325 219 0 0 0
325 219 0 0 0
325 219 0 0 0
325 219 0 0 0
325 219 0 0 0
326 219 0 0 0
326 219 0 0 0
326 219 0 0 0
326 219 0 0 0
326 218 0 0 0
326 218 0 0 0
326 218 0 0 0
326 218 0 0 0
326 218 0 0 0
327 218 0 0 0
327 218 0 0 0
327 218 0 0 0
327 218 0 0 0
327 218 0 0 0
327 217 0 0 0
327 217 0 0 0
327 217 0 0 0
327 217 0 0 0
328 217 0 0 0
328 217 0 0 0
328 217 0 0 0
328 217 0 0 0
328 217 0 0 0
328 217 0 0 0
328 216 0 0 0
328 216 0 0 0
328 216 0 0 0
329 216 0 0 0
329 216 0 0 0
329 216 0 0 0
329 216 0 0 0
329 216 0 0 0
329 216 0 0 0
329 216 0 0 0
329 215 0 0 0
329 215 0 0 0
330 215 0 0 0
330 215 0 0 0
330 215 0 0 0
330 215 0 0 0
330 215 0 0 0
330 215 0 0 0
330 215 0 0 0
330 215 0 0 0
330 214 0 0 0
331 214 0 0 0
331 214 0 0 0
331 214 0 0 0
331 214 0 0 0
331 214 0 0 0
331 214 0 0 0
331 214 0 0 0
331 214 0 0 0
331 214 0 0 0
332 213 0 0 0
332 213 0 0 0
332 213 0 0 0
332 213 0 0 0
332 213 0 0 0
332 213 0 0 0
332 213 0 0 0
332 213 0 0 0
332 213 0 0 0
332 213 0 0 0
333 212 0 0 0
333 212 0 0 0
333 212 0 0 0
333 212 0 0 0
333 212 0 0 0
333 212 0 0 0
333 212 0 0 0
333 212 0 0 0
333 212 0 0 0
334 212 0 0 0
334 211 0 0 0
334 211 0 0 0
334 211 0 0 0
334 211 0 0 0
334 211 0 0 0
334 211 0 0 0
334 211 0 0 0
334 211 0 0 0
335 211 0 0 0
335 211 0 0 0
335 210 0 0 0
335 210 0 0 0
335 210 0 0 0
335 210 0 0 0
335 210 0 0 0
335 210 0 0 0
335 210 0 0 0
336 210 0 0 0
336 210 0 0 0
336 210 0 0 0
336 209 0 0 0
336 209 0 0 0
336 209 0 0 0
336 209 0 0 0
336 209 0 0 0
336 209 0 0 0
337 209 0 0 0
337 209 0 0 0
337 209 0 0 0
337 209 0 0 0
337 208 0 0 0
337 208 0 0 0
337 208 0 0 0
337 208 0 0 0
337 208 0 0 0
338 208 0 0 0
338 208 0 0 0
338 208 0 0 0
338 208 0 0 0
338 208 0 0 0
338 207 0 0 0
338 207 0 0 0
338 207 0 0 0
338 207 0 0 0
339 207 0 0 0
339 207 0 0 0
339 207 0 0 0
339 207 0 0 0
339 207 0 0 0
339 207 0 0 0
339 206 0 0 0
339 206 0 0 0
339 206 0 0 0
340 206 0 0 0
340 206 0 0 0
340 206 0 0 0
340 206 0 0 0
340 206 0 0 0
340 206 0 0 0
340 206 0 0 0
340 205 0 0 0
340 205 0 0 0
341 205 0 0 0
341 205 0 0 0
341 205 0 0 0
341 205 0 0 0
341 205 0 0 0
341 205 0 0 0
341 205 0 0 0
341 205 0 0 0
341 204 0 0 0
342 204 0 0 0
342 204 0 0 0
342 204 0 0 0
342 204 0 0 0
342 204 0 0 0
342 204 0 0 0
342 204 0 0 0
342 204 0 0 0
342 204 0 0 0
343 203 0 0 0
343 203 0 0 0
343 203 0 0 0
343 203 0 0 0
343 203 0 0 0
343 203 0 0 0
343 203 0 0 0
343 203 0 0 0
343 203 0 0 0
343 203 0 0 0
344 202 0 0 0
344 202 0 0 0
344 202 0 0 0
344 202 0 0 0
344 202 0 0 0
344 202 0 0 0
344 202 0 0 0
344 202 0 0 0
344 202 0 0 0
345 202 0 0 0
345 201 0 0 0
345 201 0 0 0
345 201 0 0 0
345 201 0 0 0
345 201 0 0 0
345 201 0 0 0
345 201 0 0 0
345 201 0 0 0
346 201 0 0 0
346 201 0 0 0
346 200 0 0 0
346 200 0 0 0
346 200 0 0 0
346 200 0 0 0
346 200 0 0 0
346 200 0 0 0
346 200 0 0 0
347 200 0 0 0
347 200 0 0 0
347 200 0 0 0
347 199 0 0 0
347 199 0 0 0
347 199 0 0 0
347 199 0 0 0
347 199 0 0 0
347 199 0 0 0
348 199 0 0 0
348 199 0 0 0
348 199 0 0 0
348 199 0 0 0
348 198 0 0 0
348 198 0 0 0
348 198 0 0 0
348 198 0 0 0
348 198 0 0 0
349 198 0 0 0
349 198 0 0 0
349 198 0 0 0
349 198 0 0 0
349 198 0 0 0
349 197 0 0 0
349 197 0 0 0
349 197 0 0 0
349 197 0 0 0
350 197 0 0 0
350 197 0 0 0
350 197 0 0 0
350 197 0 0 0
350 197 0 0 0
350 197 0 0 0
350 196 0 0 0
350 196 0 0 0
350 196 0 0 0
351 196 0 0 0
351 196 0 0 0
351 196 0 0 0
351 196 0 0 0
351 196 0 0 0
351 196 0 0 0
351 196 0 0 0
351 195 0 0 0
351 195 0 0 0
352 195 0 0 0
352 195 0 0 0
352 195 0 0 0
352 195 0 0 0
352 195 0 0 0
352 195 0 0 0
352 195 0 0 0
352 195 0 0 0
352 194 0 0 0
353 194 0 0 0
353 194 0 0 0
353 194 0 0 0
353 194 0 0 0
353 194 0 0 0
353 194 0 0 0
353 194 0 0 0
353 194 0 0 0
353 194 0 0 0
354 193 0 0 0
354 193 0 0 0
354 193 0 0 0
354 193 0 0 0
354 193 0 0 0
354 193 0 0 0
354 193 0 0 0
354 193 0 0 0
354 193 0 0 0
354 193 0 0 0
355 192 0 0 0
355 192 0 0 0
355 192 0 0 0
355 192 0 0 0
355 192 0 0 0
355 192 0 0 0
355 192 0 0 0
355 192 0 0 0
355 192 0 0 0
356 192 0 0 0
356 191 0 0 0
356 191 0 0 0
356 191 0 0 0
356 191 0 0 0
356 191 0 0 0
356 191 0 0 0
356 191 0 0 0
356 191 0 0 0
357 191 0 0 0
357 191 0 0 0
357 190 0 0 0
357 190 0 0 0
357 190 0 0 0
357 190 0 0 0
357 190 0 0 0
357 190 0 0 0
357 190 0 0 0
358 190 0 0 0
358 190 0 0 0
358 190 0 0 0
358 189 0 0 0
358 189 0 0 0
358 189 0 0 0
358 189 0 0 0
358 189 0 0 0
358 189 0 0 0
359 189 0 0 0
359 189 0 0 0
359 189 0 0 0
359 189 0 0 0
359 188 0 0 0
359 188 0 0 0
359 188 0 0 0
359 188 0 0 0
359 188 0 0 0
360 188 0 0 0
360 188 0 0 0
360 188 0 0 0
360 188 0 0 0
360 188 0 0 0
360 187 0 0 0
360 187 0 0 0
360 187 0 0 0
360 187 0 0 0
361 187 0 0 0
361 187 0 0 0
361 187 0 0 0
361 187 0 0 0
361 187 0 0 0
361 187 0 0 0
361 186 0 0 0
361 186 0 0 0
361 186 0 0 0
362 186 0 0 0
362 186 0 0 0
362 186 0 0 0
362 186 0 0 0
362 186 0 0 0
362 186 0 0 0
362 186 0 0 0
362 185 0 0 0
362 185 0 0 0
363 185 0 0 0
363 185 0 0 0
363 185 0 0 0
363 185 0 0 0
363 185 0 0 0
363 185 0 0 0
363 185 0 0 0
363 185 0 0 0
363 184 0 0 0
364 184 0 0 0
364 184 0 0 0
364 184 0 0 0
364 184 0 0 0
364 184 0 0 0
364 184 0 0 0
364 184 0 0 0
364 184 0 0 0
364 184 0 0 0
365 183 0 0 0
365 183 0 0 0
365 183 0 0 0
365 183 0 0 0
365 183 0 0 0
365 183 0 0 0
365 183 0 0 0
365 183 0 0 0
365 183 0 0 0
365 183 0 0 0
366 182 0 0 0
366 182 0 0 0
366 182 0 0 0
366 182 0 0 0
366 182 0 0 0
366 182 0 0 0
366 182 0 0 0
366 182 0 0 0
366 182 0 0 0
367 182 0 0 0
367 181 0 0 0
367 181 0 0 0
367 181 0 0 0
367 181 0 0 0
367 181 0 0 0
367 181 0 0 0
367 181 0 0 0
367 181 0 0 0
368 181 0 0 0
368 181 0 0 0
368 180 0 0 0
368 180 0 0 0
368 180 0 0 0
368 180 0 0 0
368 180 0 0 0
368 180 0 0 0
368 180 0 0 0
369 180 0 0 0
369 180 0 0 0
369 180 0 0 0
369 179 0 0 0
369 179 0 0 0
369 179 0 0 0
369 179 0 0 0
369 179 0 0 0
369 179 0 0 0
370 179 0 0 0
370 179 0 0 0
370 179 0 0 0
370 179 0 0 0
370 178 0 0 0
370 178 0 0 0
370 178 0 0 0
370 178 0 0 0
370 178 0 0 0
371 178 0 0 0
371 178 0 0 0
371 178 0 0 0
371 178 0 0 0
371 178 0 0 0
371 177 0 0 0
371 177 0 0 0
371 177 0 0 0
371 177 0 0 0
372 177 0 0 0
372 177 0 0 0
372 177 0 0 0
372 177 0 0 0
372 177 0 0 0
372 177 0 0 0
372 176 0 0 0
372 176 0 0 0
372 176 0 0 0
373 176 0 0 0
373 176 0 0 0
373 176 0 0 0
373 176 0 0 0
373 176 0 0 0
373 176 0 0 0
373 176 0 0 0
373 175 0 0 0
373 175 0 0 0
374 175 0 0 0
374 175 0 0 0
374 175 0 0 0
374 175 0 0 0
374 175 0 0 0
374 175 0 0 0
374 175 0 0 0
374 175 0 0 0
374 174 0 0 0
375 174 0 0 0
375 174 0 0 0
375 174 0 0 0
375 174 0 0 0
375 174 0 0 0
375 174 0 0 0
375 174 0 0 0
375 174 0 0 0
375 174 0 0 0
542 374 0 255 0
542 374 0 255 0
542 160 0 255 0
542 160 0 255 0
649 267 0 255 0
435 267 0 255 0
649 267 0 255 0
435 267 0 255 0
543 374 0 255 0
541 374 0 255 0
543 160 0 255 0
541 160 0 255 0
649 268 0 255 0
435 268 0 255 0
649 266 0 255 0
435 266 0 255 0
544 374 0 255 0
540 374 0 255 0
544 160 0 255 0
540 160 0 255 0
649 269 0 255 0
435 269 0 255 0
649 265 0 255 0
435 265 0 255 0
545 374 0 255 0
539 374 0 255 0
545 160 0 255 0
539 160 0 255 0
649 270 0 255 0
435 270 0 255 0
649 264 0 255 0
435 264 0 255 0
546 374 0 255 0
538 374 0 255 0
546 160 0 255 0
538 160 0 255 0
649 271 0 255 0
435 271 0 255 0
649 263 0 255 0
435 263 0 255 0
547 374 0 255 0
537 374 0 255 0
547 160 0 255 0
537 160 0 255 0
649 272 0 255 0
435 272 0 255 0
649 262 0 255 0
435 262 0 255 0
548 374 0 255 0
536 374 0 255 0
548 160 0 255 0
536 160 0 255 0
649 273 0 255 0
435 273 0 255 0
649 261 0 255 0
435 261 0 255 0
549 374 0 255 0
535 374 0 255 0
549 160 0 255 0
535 160 0 255 0
649 274 0 255 0
435 274 0 255 0
649 260 0 255 0
435 260 0 255 0
550 374 0 255 0
534 374 0 255 0
550 160 0 255 0
534 160 0 255 0
649 275 0 255 0
435 275 0 255 0
649 259 0 255 0
435 259 0 255 0
551 374 0 255 0
533 374 0 255 0
551 160 0 255 0
533 160 0 255 0
649 276 0 255 0
435 276 0 255 0
649 258 0 255 0
435 258 0 255 0
552 374 0 255 0
532 374 0 255 0
552 160 0 255 0
532 160 0 255 0
649 277 0 255 0
435 277 0 255 0
649 257 0 255 0
435 257 0 255 0
553 373 0 255 0
531 373 0 255 0
553 161 0 255 0
531 161 0 255 0
648 278 0 255 0
436 278 0 255 0
648 256 0 255 0
436 256 0 255 0
554 373 0 255 0
530 373 0 255 0
554 161 0 255 0
530 161 0 255 0
648 279 0 255 0
436 279 0 255 0
648 255 0 255 0
436 255 0 255 0
555 373 0 255 0
529 373 0 255 0
555 161 0 255 0
529 161 0 255 0
648 280 0 255 0
436 280 0 255 0
648 254 0 255 0
436 254 0 255 0
556 373 0 255 0
528 373 0 255 0
556 161 0 255 0
528 161 0 255 0
648 281 0 255 0
436 281 0 255 0
648 253 0 255 0
436 253 0 255 0
557 373 0 255 0
527 373 0 255 0
557 161 0 255 0
527 161 0 255 0
648 282 0 255 0
436 282 0 255 0
648 252 0 255 0
436 252 0 255 0
558 373 0 255 0
526 373 0 255 0
558 161 0 255 0
526 161 0 255 0
648 283 0 255 0
436 283 0 255 0
648 251 0 255 0
436 251 0 255 0
559 373 0 255 0
525 373 0 255 0
559 161 0 255 0
525 161 0 255 0
648 284 0 255 0
436 284 0 255 0
648 250 0 255 0
436 250 0 255 0
560 372 0 255 0
524 372 0 255 0
560 162 0 255 0
524 162 0 255 0
647 285 0 255 0
437 285 0 255 0
647 249 0 255 0
437 249 0 255 0
561 372 0 255 0
523 372 0 255 0
561 162 0 255 0
523 162 0 255 0
647 286 0 255 0
437 286 0 255 0
647 248 0 255 0
437 248 0 255 0
562 372 0 255 0
522 372 0 255 0
562 162 0 255 0
522 162 0 255 0
647 287 0 255 0
437 287 0 255 0
647 247 0 255 0
437 247 0 255 0
563 372 0 255 0
521 372 0 255 0
563 162 0 255 0
521 162 0 255 0
647 288 0 255 0
437 288 0 255 0
647 246 0 255 0
437 246 0 255 0
564 372 0 255 0
520 372 0 255 0
564 162 0 255 0
520 162 0 255 0
647 289 0 255 0
437 289 0 255 0
647 245 0 255 0
437 245 0 255 0
565 372 0 255 0
519 372 0 255 0
565 162 0 255 0
519 162 0 255 0
647 290 0 255 0
437 290 0 255 0
647 244 0 255 0
437 244 0 255 0
566 371 0 255 0
518 371 0 255 0
566 163 0 255 0
518 163 0 255 0
646 291 0 255 0
438 291 0 255 0
646 243 0 255 0
438 243 0 255 0
567 371 0 255 0
517 371 0 255 0
567 163 0 255 0
517 163 0 255 0
646 292 0 255 0
438 292 0 255 0
646 242 0 255 0
438 242 0 255 0
568 371 0 255 0
516 371 0 255 0
568 163 0 255 0
516 163 0 255 0
646 293 0 255 0
438 293 0 255 0
646 241 0 255 0
438 241 0 255 0
569 371 0 255 0
515 371 0 255 0
569 163 0 255 0
515 163 0 255 0
646 294 0 255 0
438 294 0 255 0
646 240 0 255 0
438 240 0 255 0
570 370 0 255 0
514 370 0 255 0
570 164 0 255 0
514 164 0 255 0
645 295 0 255 0
439 295 0 255 0
645 239 0 255 0
439 239 0 255 0
571 370 0 255 0
513 370 0 255 0
571 164 0 255 0
513 164 0 255 0
645 296 0 255 0
439 296 0 255 0
645 238 0 255 0
439 238 0 255 0
572 370 0 255 0
512 370 0 255 0
572 164 0 255 0
512 164 0 255 0
645 297 0 255 0
439 297 0 255 0
645 237 0 255 0
439 237 0 255 0
573 370 0 255 0
511 370 0 255 0
573 164 0 255 0
511 164 0 255 0
645 298 0 255 0
439 298 0 255 0
645 236 0 255 0
439 236 0 255 0
574 369 0 255 0
510 369 0 255 0
574 165 0 255 0
510 165 0 255 0
644 299 0 255 0
440 299 0 255 0
644 235 0 255 0
440 235 0 255 0
574 369 0 255 0
510 369 0 255 0
574 165 0 255 0
510 165 0 255 0
644 299 0 255 0
440 299 0 255 0
644 235 0 255 0
440 235 0 255 0
575 369 0 255 0
509 369 0 255 0
575 165 0 255 0
509 165 0 255 0
644 300 0 255 0
440 300 0 255 0
644 234 0 255 0
440 234 0 255 0
576 368 0 255 0
508 368 0 255 0
576 166 0 255 0
508 166 0 255 0
643 301 0 255 0
441 301 0 255 0
643 233 0 255 0
441 233 0 255 0
577 368 0 255 0
507 368 0 255 0
577 166 0 255 0
507 166 0 255 0
643 302 0 255 0
441 302 0 255 0
643 232 0 255 0
441 232 0 255 0
578 368 0 255 0
506 368 0 255 0
578 166 0 255 0
506 166 0 255 0
643 303 0 255 0
441 303 0 255 0
643 231 0 255 0
441 231 0 255 0
579 367 0 255 0
505 367 0 255 0
579 167 0 255 0
505 167 0 255 0
642 304 0 255 0
442 304 0 255 0
642 230 0 255 0
442 230 0 255 0
580 367 0 255 0
504 367 0 255 0
580 167 0 255 0
504 167 0 255 0
642 305 0 255 0
442 305 0 255 0
642 229 0 255 0
442 229 0 255 0
581 367 0 255 0
503 367 0 255 0
581 167 0 255 0
503 167 0 255 0
642 306 0 255 0
442 306 0 255 0
642 228 0 255 0
442 228 0 255 0
582 366 0 255 0
502 366 0 255 0
582 168 0 255 0
502 168 0 255 0
641 307 0 255 0
443 307 0 255 0
641 227 0 255 0
443 227 0 255 0
583 366 0 255 0
501 366 0 255 0
583 168 0 255 0
501 168 0 255 0
641 308 0 255 0
443 308 0 255 0
641 226 0 255 0
443 226 0 255 0
584 365 0 255 0
500 365 0 255 0
584 169 0 255 0
500 169 0 255 0
640 309 0 255 0
444 309 0 255 0
640 225 0 255 0
444 225 0 255 0
585 365 0 255 0
499 365 0 255 0
585 169 0 255 0
499 169 0 255 0
640 310 0 255 0
444 310 0 255 0
640 224 0 255 0
444 224 0 255 0
586 365 0 255 0
498 365 0 255 0
586 169 0 255 0
498 169 0 255 0
640 311 0 255 0
444 311 0 255 0
640 223 0 255 0
444 223 0 255 0
587 364 0 255 0
497 364 0 255 0
587 170 0 255 0
497 170 0 255 0
639 312 0 255 0
445 312 0 255 0
639 222 0 255 0
445 222 0 255 0
588 364 0 255 0
496 364 0 255 0
588 170 0 255 0
496 170 0 255 0
639 313 0 255 0
445 313 0 255 0
639 221 0 255 0
445 221 0 255 0
588 363 0 255 0
496 363 0 255 0
588 171 0 255 0
496 171 0 255 0
638 313 0 255 0
446 313 0 255 0
638 221 0 255 0
446 221 0 255 0
589 363 0 255 0
495 363 0 255 0
589 171 0 255 0
495 171 0 255 0
638 314 0 255 0
446 314 0 255 0
638 220 0 255 0
446 220 0 255 0
590 363 0 255 0
494 363 0 255 0
590 171 0 255 0
494 171 0 255 0
638 315 0 255 0
446 315 0 255 0
638 219 0 255 0
446 219 0 255 0
591 362 0 255 0
493 362 0 255 0
591 172 0 255 0
493 172 0 255 0
637 316 0 255 0
447 316 0 255 0
637 218 0 255 0
447 218 0 255 0
592 362 0 255 0
492 362 0 255 0
592 172 0 255 0
492 172 0 255 0
637 317 0 255 0
447 317 0 255 0
637 217 0 255 0
447 217 0 255 0
593 361 0 255 0
491 361 0 255 0
593 173 0 255 0
491 173 0 255 0
636 318 0 255 0
448 318 0 255 0
636 216 0 255 0
448 216 0 255 0
594 361 0 255 0
490 361 0 255 0
594 173 0 255 0
490 173 0 255 0
636 319 0 255 0
448 319 0 255 0
636 215 0 255 0
448 215 0 255 0
595 360 0 255 0
489 360 0 255 0
595 174 0 255 0
489 174 0 255 0
635 320 0 255 0
449 320 0 255 0
635 214 0 255 0
449 214 0 255 0
595 360 0 255 0
489 360 0 255 0
595 174 0 255 0
489 174 0 255 0
635 320 0 255 0
449 320 0 255 0
635 214 0 255 0
449 214 0 255 0
596 359 0 255 0
488 359 0 255 0
596 175 0 255 0
488 175 0 255 0
634 321 0 255 0
450 321 0 255 0
634 213 0 255 0
450 213 0 255 0
597 359 0 255 0
487 359 0 255 0
597 175 0 255 0
487 175 0 255 0
634 322 0 255 0
450 322 0 255 0
634 212 0 255 0
450 212 0 255 0
598 358 0 255 0
486 358 0 255 0
598 176 0 255 0
486 176 0 255 0
633 323 0 255 0
451 323 0 255 0
633 211 0 255 0
451 211 0 255 0
599 358 0 255 0
485 358 0 255 0
599 176 0 255 0
485 176 0 255 0
633 324 0 255 0
451 324 0 255 0
633 210 0 255 0
451 210 0 255 0
600 357 0 255 0
484 357 0 255 0
600 177 0 255 0
484 177 0 255 0
632 325 0 255 0
452 325 0 255 0
632 209 0 255 0
452 209 0 255 0
601 357 0 255 0
483 357 0 255 0
601 177 0 255 0
483 177 0 255 0
632 326 0 255 0
452 326 0 255 0
632 208 0 255 0
452 208 0 255 0
601 356 0 255 0
483 356 0 255 0
601 178 0 255 0
483 178 0 255 0
631 326 0 255 0
453 326 0 255 0
631 208 0 255 0
453 208 0 255 0
602 355 0 255 0
482 355 0 255 0
602 179 0 255 0
482 179 0 255 0
630 327 0 255 0
454 327 0 255 0
630 207 0 255 0
454 207 0 255 0
603 355 0 255 0
481 355 0 255 0
603 179 0 255 0
481 179 0 255 0
630 328 0 255 0
454 328 0 255 0
630 206 0 255 0
454 206 0 255 0
604 354 0 255 0
480 354 0 255 0
604 180 0 255 0
480 180 0 255 0
629 329 0 255 0
455 329 0 255 0
629 205 0 255 0
455 205 0 255 0
605 354 0 255 0
479 354 0 255 0
605 180 0 255 0
479 180 0 255 0
629 330 0 255 0
455 330 0 255 0
629 204 0 255 0
455 204 0 255 0
606 353 0 255 0
478 353 0 255 0
606 181 0 255 0
478 181 0 255 0
628 331 0 255 0
456 331 0 255 0
628 203 0 255 0
456 203 0 255 0
606 353 0 255 0
478 353 0 255 0
606 181 0 255 0
478 181 0 255 0
628 331 0 255 0
456 331 0 255 0
628 203 0 255 0
456 203 0 255 0
607 352 0 255 0
477 352 0 255 0
607 182 0 255 0
477 182 0 255 0
627 332 0 255 0
457 332 0 255 0
627 202 0 255 0
457 202 0 255 0
608 351 0 255 0
476 351 0 255 0
608 183 0 255 0
476 183 0 255 0
626 333 0 255 0
458 333 0 255 0
626 201 0 255 0
458 201 0 255 0
609 351 0 255 0
475 351 0 255 0
609 183 0 255 0
475 183 0 255 0
626 334 0 255 0
458 334 0 255 0
626 200 0 255 0
458 200 0 255 0
609 350 0 255 0
475 350 0 255 0
609 184 0 255 0
475 184 0 255 0
625 334 0 255 0
459 334 0 255 0
625 200 0 255 0
459 200 0 255 0
610 349 0 255 0
474 349 0 255 0
610 185 0 255 0
474 185 0 255 0
624 335 0 255 0
460 335 0 255 0
624 199 0 255 0
460 199 0 255 0
611 349 0 255 0
473 349 0 255 0
611 185 0 255 0
473 185 0 255 0
624 336 0 255 0
460 336 0 255 0
624 198 0 255 0
460 198 0 255 0
612 348 0 255 0
472 348 0 255 0
612 186 0 255 0
472 186 0 255 0
623 337 0 255 0
461 337 0 255 0
623 197 0 255 0
461 197 0 255 0
613 347 0 255 0
471 347 0 255 0
613 187 0 255 0
471 187 0 255 0
622 338 0 255 0
462 338 0 255 0
622 196 0 255 0
462 196 0 255 0
613 347 0 255 0
471 347 0 255 0
613 187 0 255 0
471 187 0 255 0
622 338 0 255 0
462 338 0 255 0
622 196 0 255 0
462 196 0 255 0
614 346 0 255 0
470 346 0 255 0
614 188 0 255 0
470 188 0 255 0
621 339 0 255 0
463 339 0 255 0
621 195 0 255 0
463 195 0 255 0
615 345 0 255 0
469 345 0 255 0
615 189 0 255 0
469 189 0 255 0
620 340 0 255 0
464 340 0 255 0
620 194 0 255 0
464 194 0 255 0
615 345 0 255 0
469 345 0 255 0
615 189 0 255 0
469 189 0 255 0
620 340 0 255 0
464 340 0 255 0
620 194 0 255 0
464 194 0 255 0
616 344 0 255 0
468 344 0 255 0
616 190 0 255 0
468 190 0 255 0
619 341 0 255 0
465 341 0 255 0
619 193 0 255 0
465 193 0 255 0
617 343 0 255 0
467 343 0 255 0
617 191 0 255 0
467 191 0 255 0
618 342 0 255 0
466 342 0 255 0
618 192 0 255 0
466 192 0 255 0
618 343 0 255 0
466 343 0 255 0
618 191 0 255 0
466 191 0 255 0
618 343 0 255 0
466 343 0 255 0
618 191 0 255 0
466 191 0 255 0
618 342 0 255 0
466 342 0 255 0
618 192 0 255 0
466 192 0 255 0
617 343 0 255 0
467 343 0 255 0
617 191 0 255 0
467 191 0 255 0
